====================================================================================================
  SEASON STAT SHEET  —  2026 SPRING BCC BIG TRAIN 11U
====================================================================================================
  Record: 9-7-1  (0.529)    Runs Scored: 147    Runs Allowed: 111    Run Diff: +36    Games: 17
====================================================================================================

  BATTING

  NAME                   #   G  AB   R   H  2B  3B  HR RBI  BB  SO  SB HBP    AVG   OBP   SLG   OPS
  -------------------------------------------------------------------------------------------------
  Grant Richards        22  17  45  18  15   3   0   0  12  11   3  10   0  0.333 0.464 0.400 0.864
  Adam Ingram            3  17  42  10  11   6   0   1  10  11   8  10   1  0.262 0.426 0.476 0.902
  Will Kowalski         98  17  40  20  17   5   0   7  26  13   4   2   1  0.425 0.564 1.075 1.639
  Everett Harkins       51  16  39  15  16   4   0   2  21   2  10   5   6  0.410 0.511 0.667 1.178
  Beckett Dickinson     21  17  37  22  15   4   0   0  12  15  12   8   4  0.405 0.607 0.514 1.121
  Darcy Mizejewski       7  15  34   4   5   0   0   0   4   2   3   4   0  0.147 0.194 0.147 0.341
  Ren Endo              11  17  34  11   9   1   0   0   5  12   8   9   1  0.265 0.468 0.294 0.762
  Grant Wang            17  16  30  11  14   1   0   0   4  10  10   5   1  0.467 0.595 0.500 1.095
  Joshua Lopez           2  17  30   8  10   1   0   0  14  14   4  21   3  0.333 0.551 0.367 0.918
  Tommy DiPompeo        24  14  30   9   5   0   0   0   7   2   5   7   2  0.167 0.265 0.167 0.432
  Oliver Wells          14  15  28  13   3   1   0   0   6  13  10   3   3  0.107 0.432 0.143 0.575
  Logan Pressberg       12   9  17   4   4   0   0   0   2   6   1   4   1  0.235 0.458 0.235 0.693
  Guest 1                    2   5   1   2   1   0   0   2   1   2   1   0  0.400 0.500 0.600 1.100
  Guest 2                    1   4   1   2   0   0   0   0   0   1   1   0  0.500 0.500 0.500 1.000

  PITCHING

  NAME                   #    IP    H    R   ER   BB   SO   #P   ERA  WHIP   K/9
  ------------------------------------------------------------------------------
  Oliver Wells          14  17.1   22   14   11    3   12  243  4.44  1.44   6.2
  Ren Endo              11  17.1   34   29   24   13   13  323  9.69  2.71   6.8
  Will Kowalski         98  16.1   15    8    5    5   22  247  2.14  1.22  12.1
  Grant Richards        22  13.1   27   23   10    9    8  274  5.25  2.70   5.4
  Grant Wang            17  13.1   23   19   16   11    3  235  8.40  2.55   2.0
  Joshua Lopez           2   7.0    8    8    4   11    2  125  4.00  2.71   2.6
  Logan Pressberg       12   6.0    3    5    4    8    5   99  4.67  1.83   7.5
  Guest 1                    4.0    3    2    2    1    3   43  3.50  1.00   6.8
  Adam Ingram            3   2.1    3    3    3    5    3   71  9.00  3.43  11.6
  Beckett Dickinson     21   0.2    0    0    0    1    0    8  0.00  1.50   0.0

====================================================================================================